0.000000
0.000000
0.000000
2339.750000
2345.250000
2344.750000
0.000000
0.000000
0.000000
0.000000
0.000000
0.000000
4378.750000
0.000000
4600.000000
4300.500000
4321.000000
4343.500000
4073.000000
0.000000
3746.000000
3499.250000
3249.250000
0.000000
2861.750000
2716.750000
2586.000000
2465.500000
2370.500000
2019.750000
2012.750000
1904.500000
1910.500000
1680.000000
1636.750000
1665.000000
1774.500000
1748.000000
1707.000000
1658.750000
1623.750000
1578.000000
1509.750000
1481.000000
1453.000000
1421.250000
1397.250000
1376.750000
1355.250000
1338.250000
1314.500000
1300.500000
1281.500000
1267.750000
1254.500000
1241.250000
1231.500000
1223.500000
1207.250000
1201.000000
1189.000000
1185.250000
1177.750000
1174.750000
1174.500000
1169.000000
1186.750000
1184.500000
1180.000000
1181.250000
1184.250000
1185.750000
1187.500000
1189.500000
1189.250000
1195.500000
1200.000000
1203.250000
1212.000000
1220.750000
1228.500000
1232.250000
1238.750000
1247.500000
1258.250000
1271.500000
1282.750000
1303.250000
1319.000000
1331.000000
1292.500000
1234.250000
1185.500000
1137.750000
1103.000000
1123.000000
1147.000000
1169.500000
1192.500000
1221.500000
1252.000000
1072.250000
1060.500000
1051.250000
1044.750000
1038.500000
1032.500000
1026.500000
1025.250000
1022.250000
1018.250000
1016.250000
1014.250000
1013.500000
1015.250000
1014.000000
1014.500000
1019.250000
1022.750000
1027.750000
1031.000000
1035.250000
1040.750000
1046.250000
1055.500000
1060.000000
1068.500000
1080.000000
1090.250000
1101.750000
1114.750000
1029.250000
999.000000
968.750000
940.500000
917.000000
702.500000
679.750000
659.000000
641.250000
816.250000
799.500000
785.750000
770.750000
756.250000
747.750000
737.000000
724.250000
716.000000
710.250000
699.000000
691.000000
684.250000
679.250000
672.750000
667.750000
663.000000
658.750000
654.250000
652.250000
651.250000
647.250000
646.500000
643.750000
642.250000
641.750000
0.000000
0.000000
751.500000
737.000000
725.000000
712.250000
701.000000
689.500000
680.000000
670.750000
661.500000
655.500000
648.750000
642.250000
637.250000
631.500000
624.250000
610.750000
619.500000
597.750000
611.500000
608.000000
604.000000
602.000000
601.500000
600.000000
598.000000
595.250000
596.500000
597.500000
598.000000
598.750000
600.500000
601.250000
604.250000
605.500000
610.500000
612.750000
616.000000
621.000000
625.000000
630.000000
635.000000
641.250000
648.500000
653.500000
661.750000
670.250000
677.000000
686.250000
697.000000
707.750000
719.250000
731.000000
744.750000
757.750000
773.750000
788.750000
806.500000
822.500000
652.000000
675.250000
699.000000
913.500000
941.500000
973.250000
1005.250000
1037.750000
1077.000000
1120.500000
1165.500000
1212.750000
1265.000000
1327.000000
1397.000000
1377.250000
1547.500000
1646.250000
1759.750000
1894.000000
2037.000000
2200.250000
2444.500000
2671.750000
2981.750000
0.000000
