111111111111111111111111111111111111111111111111111111111111111111111111111111111111111111111111111111111111190090090000000000000000000000000000000000000000
19009009009009009009009009009009009009009009009009009009009009009009009009009009009009009009009009009009009009009009009009009009009009009009009009009009009009009009009009009009009009009009009009009009009009009009009009009009009009009009009009009009009009009009009009009009009009009009009009009009009009009009009009009001900900900000000000000000000000000000000000000000
19009009009009009009009009009009009009009009009009009009009009009009009009009009009009009009009009009009009009009009009009009009009009009009009009009009009009009009009009009009009009009009009009009009009009009009009009009009009009009009009009009009009009009009009009009009009009009009009009009009009009009009009009009001900900900000000000000000000000000000000000000000
19009009009009009009009009009009009009009009009009009009009009009009009009009009009009009009009009009009009009009009009009009009009009009009009009009009009009009009009009009009009009009009009009009009009009009009009009009009009009009009009009009009009009009009009009009009009009009009009009009009009009009009009009009001900900900000000000000000000000000000000000000000
190090090000000000000000000000000000000000000000000000000000000000000000000000000000000000000000000000000000009009009001900900900000000000000000000000000000000000000000
190090090000000000000000000000000000000000000000000000000000000000000000000000000000000000000000000000000000009009009001900900900000000000000000000000000000000000000000
190090090000000000000000000000000000000000000000000000000000000000000000000000000000000000000000000000000000009009009001900900900000000000000000000000000000000000000000
190090090000000000000000000000000000000000000000000000000000000000000000000000000000000000000000000000000000009009009001900900900000000000000000000000000000000000000000
190090090000000000000000000000000000000000000000000000000000000000000000000000000000000000000000000000000000009009009001900900900000000000000000000000000000000000000000
190090090000000000000000000000000000000000000000000000000000000000000000000000000000000000000000000000000000009009009001900900900000000000000000000000000000000000000000
19009009000000000000000000000000000000000000000000000000000000000000000000000000000000000000000000000000000000900900900190090090090090090090090090090000000000000000000000000000000000
19009009000000000000000000000000000000000000000000000000000000000000000000000000000000000000000000000000000000900900900190090090090090090090090090090000000000000000000000000000000000
19009009000000000000000000000000000000000000000000000000000000000000000000000000000000000000000000000000000000900900900190090090090090090090090090090000000000000000000000000000000000
190090090000000000000000000000000000000000000000000000000000000000000000000000000000000000000000000000000000009009009001111111111190090090000000000000000000000000000000
19009009000000000000000000000000000000000000000000000000000000000000000000000000000000000000000000000000000000000900900900900900900900900900900190090090000000000000000000000000000000
19009009000000000000000000000000000000000000000000000000000000000000000000000000000000000000000000000000000000000900900900900900900900900900900190090090000000000000000000000000000000
11119009009000000000000000000000000000000000000000000000000000000000000000000000000000000000000000000000000000000900900900900900900900900900900190090090000000000000000000000000000000
190090090000000000000000000000000000000000000000000000000000000000000000000000000000000000000000000000000000000000000000900900900190090090000000000000000000000000000000
190090090000000000000000000000000000000000000000000000000000000000000000000000000000000000000000000000000000000000000000900900900190090090000000000000000000000000000000
190090090000000000000000000000000000000000000000000000000000000000000000000000000000000000000000000000000000000000000000900900900190090090000000000000000000000000000000
190090090000000000000000000000000000000000000000000000000000000000000000000000000000000000000000000000000000000000000000900900900190090090000000000000000000000000000000
190090090000000000000000000000000000000000000000000000000000000000000000000000000000000000000000000000000000000000000000900900900190090090000000000000000000000000000000
190090090000000000000000000000000000000000000000000000000000000000000000000000000000000000000000000000000000000000000000900900900190090090000000000000000000000000000000
190090090000000000000000000000000000000000000000000000000000000000000000000000000000000000000000000000000000000000000000900900900190090090000000000000000000000000000000
1900900900000000000000000000000000000000000900900900900900900900900900900900900900900900900900900900900900900900900900900900900900900900900900900900900900900900900900000000000000000000000000000000000000900900900190090090000000000000000000000000000000
1900900900000000000000000000000000000000000900900900900900900900900900900900900900900900900900900900900900900900900900900900900900900900900900900900900900900900900900000000000000000000000000000000000000900900900190090090000000000000000000000000000000
1900900900000000000000000000000000000000000900900900900900900900900900900900900900900900900900900900900900900900900900900900900900900900900900900900900900900900900900000000000000000000000000000000000000900900900190090090000000000000000000000000000000
190090090000000000000000000000000000000090090090011111111111111111111111111111111111111111900900900000000000000000000000000000000000900900900190090090000000000000000000000000000000
190090090000000000000000000000000000000009009009001111111111111111111111111111111111111111900900900000000000000000000000000000000000900900900190090090000000000000000000000000000000
190090090000000000000000000000000000000009009009001900900900900900900900900900900900900900900900900900900900900900900900900900900900900900900900900900900900900900900900000000000000000000000000000000000000900900900190090090000000000000000000000000000000
190090090000000000000000000000000000000009009009001900900900900900900900900900900900900900900900900900900900900900900900900900900900900900900900900900900900900900900900000000000000000000000000000000000000900900900190090090000000000000000000000000000000
190090090000000000000000000000000000000009009009001900900900900900900900900900900900900900900900900900900900900900900900900900900900900900900900900900900900900900900900000000000000000000000000000000000000900900900190090090000000000000000000000000000000
190090090000000000000000000000000000000009009009001900900900000000000000000000000000000000000000000000000000000000000000000000000000900900900190090090000000000000000000000000000000
190090090000000000000000000000000000000009009009001900900900000000000000000000000000000000000000000000000000000000000000000000000000900900900190090090000000000000000000000000000000
190090090000000000000000000000000000000009009009001900900900000000000000000000000000000000000000000000000000000000000000000000000000900900900190090090000000000000000000000000000000
190090090000000000000000000000000000000009009009001900900900000000000000000000000000000000000000000000000000000000000000000000000000900900900190090090000000000000000000000000000000
190090090000000000000000000000000000000009009009001900900900000000000000000000000000000000000000000000000000000000000000000000000000900900900190090090000000000000000000000000000000
190090090000000000000000000000000000000009009009001900900900000000000000000000000000000000000000000000000000000000000000000000000000900900900190090090000000000000000000000000000000
190090090000000000000000000000000000000009009009001900900900000000000000000000000000000000000000000000000000000000000000000000000000900900900190090090000000000000000000000000000000
190090090000000000000000000000000000000009009009001900900900000000000000000000000000000000000000000000000000000000000000000000000000900900900190090090000000000000000000000000000000
190090090000000000000000000000000000000009009009001900900900000000000000000000000000000000000000000000000000000000000000000000000000900900900190090090000000000000000000000000000000
190090090000000000000000000000000000000009009009001900900900000000000000000000000000000000000000000000000000000000000000000000000000900900900190090090000000000000000000000000000000
190090090000000000000000000000000000000009009009001900900900000000000000000000000000000000000000000000000000000000000000000000000000900900900190090090000000000000000000000000000000
190090090000000000000000000000000000000009009009001900900900000000000000000000000000000000000000000000000000000000000000000000000000900900900190090090000000000000000000000000000000
190090090000000000000000000000000000000009009009001900900900000000000000000000000000000000000000000000000000000000000000000000000000900900900190090090000000000000000000000000000000
190090090000000000000000000000000000000009009009001900900900000000000000000000000000000000000000000000000000000000000000000000000000900900900190090090000000000000000000000000000000
190090090000000000000000000000000000000009009009001900900900000000000000000000000000000000000000000000000000000000000000000000000000900900900190090090000000000000000000000000000000
190090090000000000000000000000000000000009009009001900900900000000000000000000000000000000000000000000000000000000000000000000000000900900900190090090000000000000000000000000000000
190090090000000000000000000000000000000009009009001900900900000000000000000000000000000000000000000000000000000000000000000000000000900900900190090090000000000000000000000000000000
190090090000000000000000000000000000000009009009001900900900000000000000000000000000000000000000000000000000000000000000000000000000900900900190090090000000000000000000000000000000
19009009000000000000000000000000000000000900900900190090090000000000000000000000090090090090090090090090090090090090090090090090000000000000000000000000000000000000900900900190090090000000000000000000000000000000
19009009000000000000000000000000000000000900900900190090090000000000000000000000090090090090090090090090090090090090090090090090000000000000000000000000000000000000900900900190090090000000000000000000000000000000
19009009000000000000000000000000000000000900900900190090090000000000000000000000090090090090090090090090090090090090090090090090000000000000000000000000000000000000900900900190090090000000000000000000000000000000
190090090000000000000000000000000000000009009009001900900900000000000000000000900900900111111111111111190090090000000000000000000000000000000000900900900190090090000000000000000000000000000000
190090090000000000000000000000000000000009009009001900900900000000000000000000900900900111111111111111190090090000000000000000000000000000000000900900900190090090000000000000000000000000000000
190090090000000000000000000000000000000009009009001900900900000000000000000000000900900900900900900900900900900900900900900900190090090000000000000000000000000000000000900900900190090090000000000000000000000000000000
190090090000000000000000000000000000000009009009001900900900000000000000000000000900900900900900900900900900900900900900900900190090090000000000000000000000000000000000900900900190090090000000000000000000000000000000
190090090000000000000000000000000000000009009009001900900900000000000000000000000900900900900900900900900900900900900900900900190090090000000000000000000000000000000000900900900190090090000000000000000000000000000000
190090090000000000000000000000000000000009009009001900900900000000000000000000000000000000000900900900190090090000000000000000000000000000000000900900900190090090000000000000000000000000000000
190090090000000000000000000000000000000009009009001900900900000000000000000000000000000000000900900900190090090000000000000000000000000000000000900900900190090090000000000000000000000000000000
190090090000000000000000000000000000000009009009001900900900000000000000000000000000000000000900900900190090090000000000000000000000000000000000900900900190090090000000000000000000000000000000
190090090000000000000000000000000000000009009009001900900900000000000000000000000000000000000900900900190090090000000000000000000000000000000000900900900190090090000000000000000000000000000000
190090090000000000000000000000000000000009009009001900900900000000000000000000000000000000000900900900190090090000000000000000000000000000000000900900900190090090000000000000000000000000000000
19009009009009009009009009009009009009009009009009009009009009009009009009009009009009009009009009009009009009001900900900000000000000000000000900900900900900900900900900900900900900900900190090090000000000000000000000000000000000900900900190090090000000000000000000000000000000
19009009009009009009009009009009009009009009009009009009009009009009009009009009009009009009009009009009009009001900900900000000000000000000000900900900900900900900900900900900900900900900190090090000000000000000000000000000000000900900900190090090000000000000000000000000000000
19009009009009009009009009009009009009009009009009009009009009009009009009009009009009009009009009009009009009001900900900000000000000000000000900900900900900900900900900900900900900900900190090090000000000000000000000000000000000900900900190090090000000000000000000000000000000
111111111111111111111111111111111111111900900900000000000000000000900900900111111111111111190090090000000000000000000000000000000000900900900190090090000000000000000000000000000000
190090090090090090090090090090090090090090090090090090090090090090090090090090090090090090090090090090090090090090000000000000000000000000090090090090090090090090090090090090090090090090000000000000000000000000000000000000900900900190090090000000000000000000000000000000
190090090090090090090090090090090090090090090090090090090090090090090090090090090090090090090090090090090090090090000000000000000000000000090090090090090090090090090090090090090090090090000000000000000000000000000000000000900900900190090090000000000000000000000000000000
190090090090090090090090090090090090090090090090090090090090090090090090090090090090090090090090090090090090090090000000000000000000000000090090090090090090090090090090090090090090090090000000000000000000000000000000000000900900900190090090000000000000000000000000000000
190090090000000000000000000000000000000000000000000000000000000000000000000000000000000000000000000000000000000000000000900900900190090090000000000000000000000000000000
190090090000000000000000000000000000000000000000000000000000000000000000000000000000000000000000000000000000000000000000900900900190090090000000000000000000000000000000
190090090000000000000000000000000000000000000000000000000000000000000000000000000000000000000000000000000000000000000000900900900190090090000000000000000000000000000000
190090090000000000000000000000000000000000000000000000000000000000000000000000000000000000000000000000000000000000000000900900900190090090000000000000000000000000000000
190090090000000000000000000000000000000000000000000000000000000000000000000000000000000000000000000000000000000000000000900900900190090090000000000000000000000000000000
190090090000000000000000000000000000000000000000000000000000000000000000000000000000000000000000000000000000000000000000900900900190090090000000000000000000000000000000
190090090000000000000000000000000000000000000000000000000000000000000000000000000000000000000000000000000000000000000000900900900190090090000000000000000000000000000000
190090090000000000000000000000000000000000000000000000000000000000000000000000000000000000000000000000000000000000000000900900900190090090000000000000000000000000000000
190090090000000000000000000000000000000000000000000000000000000000000000000000000000000000000000000000000000000000000000900900900190090090000000000000000000000000000000
190090090000000000000000000000000000000000000000000000000000000000000000000000000000000000000000000000000000000000000000900900900190090090000000000000000000000000000000
190090090000000000000000000000000000000000000000000000000000000000000000000000000000000000000000000000000000000000000000900900900190090090000000000000000000000000000000
190090090000000000000000000000000000000000000000000000000000000000000000000000000000000000000000000000000000000000000000900900900190090090000000000000000000000000000000
190090090000000000000000000000000000000000000000000000000000000000000000000000000000000000000000000000000000000000000000900900900190090090000000000000000000000000000000
190090090000000000000000000000000000000000000000000000000000000000000000000000000000000000000000000000000000000000000000900900900190090090000000000000000000000000000000
190090090000000000000000000000000000000000000000000000000000000000000000000000000000000000000000000000000000000000000000900900900190090090000000000000000000000000000000
190090090000000000000000000000000000000000000000000000000000000000000000000000000000000000000000000000000000000000000000900900900190090090000000000000000000000000000000
190090090000000000000000000000000000000000000000000000000000000000000000000000000000000000000000000000000000000000000000900900900190090090000000000000000000000000000000
190090090000000000000000000000000000000000000000000000000000000000000000000000000000000000000000000000000000000000000000900900900190090090000000000000000000000000000000
190090090000000000000000000000000000000000000000000000000000000000000000000000000009009009009009009009009009009009009009009009000000000000000000000000900900900190090090000000000000000000000000000000
190090090000000000000000000000000000000000000000000000000000000000000000000000000009009009009009009009009009009009009009009009000000000000000000000000900900900190090090000000000000000000000000000000
190090090000000000000000000000000000000000000000000000000000000000000000000000000009009009009009009009009009009009009009009009000000000000000000000000900900900190090090000000000000000000000000000000
190090090000000000000000000000000000000000000000000000000000000000000000000000009009009001111111111111119009009000000000000000000000900900900190090090000000000000000000000000000000
190090090000000000000000000000000000000000000000000000000000000000000000000000000900900900111111111111119009009000000000000000000000900900900190090090000000000000000000000000000000
19009009000000000000000000000000000000000000000000000000000000000000000000000000090090090019009009009009009009009009009009009009000000000000000000000000900900900190090090000000000000000000000000000000
19009009000000000000000000000000000000000000000000000000000000000000000000000000090090090019009009009009009009009009009009009009000000000000000000000000900900900190090090000000000000000000000000000000
19009009000000000000000000000000000000000000000000000000000000000000000000000000090090090019009009009009009009009009009009009009000000000000000000000000900900900190090090000000000000000000000000000000
190090090000000000000000000000000000000000000000000000000000000000000000000000000900900900190090090000000000000000000000000000000000900900900190090090000000000000000000000000000000
190090090000000000000000000000000000000000000000000000000000000000000000000000000900900900190090090000000000000000000000000000000000900900900190090090000000000000000000000000000000
190090090000000000000000000000000000000000000000000000000000000000000000000000000900900900190090090000000000000000000000000000000000900900900190090090000000000000000000000000000000
190090090000000000000000000000000000000000000000000000000000000000000000000000000900900900190090090000000000000000000000000000000000900900900190090090000000000000000000000000000000
190090090000000000000000000000000000000000000000000000000000000000000000000000000900900900190090090000000000000000000000000000000000900900900190090090000000000000000000000000000000
190090090000000000000000000000000000000000000000000000000000000000000000000000000900900900190090090000000000000000000000000000000000900900900190090090000000000000000000000000000000
19009009000000000000000000000000000000000000900900900900900900900900900900900900900900900900900900900900900900900900900900900900900900900900900900900900900900900900190090090000000000000000000000000000000000900900900190090090000000000000000000000000000000
19009009000000000000000000000000000000000000900900900900900900900900900900900900900900900900900900900900900900900900900900900900900900900900900900900900900900900900190090090000000000000000000000000000000000900900900190090090000000000000000000000000000000
19009009000000000000000000000000000000000000900900900900900900900900900900900900900900900900900900900900900900900900900900900900900900900900900900900900900900900900190090090000000000000000000000000000000000900900900190090090000000000000000000000000000000
190090090000000000000000000000000000000009009009001111111111111111111111111111111111111111190090090000000000000000000000000000000000900900900190090090000000000000000000000000000000
1900900900000000000000000000000000000000090090090011900900900900900900900900900900900900900900900900900900900900900900900900900900900900900900900900900900900900900900190090090000000000000000000000000000000000900900900190090090000000000000000000000000000000
1900900900000000000000000000000000000000090090090011900900900900900900900900900900900900900900900900900900900900900900900900900900900900900900900900900900900900900900190090090000000000000000000000000000000000900900900190090090000000000000000000000000000000
1900900900000000000000000000000000000000090090090011900900900900900900900900900900900900900900900900900900900900900900900900900900900900900900900900900900900900900900190090090000000000000000000000000000000000900900900190090090000000000000000000000000000000
190090090000000000000000000000000000000009009009001190090090000000000000000000000000000000000900900900190090090000000000000000000000000000000000900900900190090090000000000000000000000000000000
190090090000000000000000000000000000000009009009001190090090000000000000000000000000000000000900900900190090090000000000000000000000000000000000900900900190090090000000000000000000000000000000
190090090000000000000000000000000000000009009009001190090090000000000000000000000000000000000900900900190090090000000000000000000000000000000000900900900190090090000000000000000000000000000000
190090090000000000000000000000000000000009009009001190090090000000000000000000000000000000000900900900190090090000000000000000000000000000000000900900900190090090000000000000000000000000000000
190090090000000000000000000000000000000009009009001190090090000000000000000000000000000000000900900900190090090000000000000000000000000000000000900900900190090090000000000000000000000000000000
190090090000000000000000000000000000000009009009001190090090000000000000000000000000000000000900900900190090090000000000000000000000000000000000900900900190090090000000000000000000000000000000
190090090000000000000000000000000000000009009009001190090090000000000000000000000000000000000900900900190090090000000000000000000000000000000000900900900190090090000000000000000000000000000000
190090090000000000000000000000000000000009009009001190090090000000000000000000000000000000000900900900190090090000000000000000000000000000000000900900900190090090000000000000000000000000000000
190090090000000000000000000000000000000009009009001190090090000000000000000000000000000000000900900900190090090000000000000000000000000000000000900900900190090090000000000000000000000000000000
190090090000000000000000000000000000000009009009001190090090000000000000000000000000000000000900900900190090090000000000000000000000000000000000900900900190090090000000000000000000000000000000
190090090000000000000000000000000000000009009009001190090090000000000000000000000000000000000900900900190090090000000000000000000000000000000000900900900190090090000000000000000000000000000000
1900900900000000000000000000000000000000000090090000000000000000000000000000000000000900900900190090090000000000000000000000000000000000900900900190090090000000000000000000000000000000
1900900900000000000000000000000000000000000090090000000000000000000000000000000000000900900900190090090000000000000000000000000000000000900900900190090090000000000000000000000000000000
1900900900000000000000000000000000000000000090090000000000000000000000000000000000000900900900190090090000000000000000000000000000000000900900900190090090000000000000000000000000000000
190090090000000000000000000000000000000000000000000000000000000000000000000000000900900900190090090000000000000000000000000000000000900900900190090090000000000000000000000000000000
190090090000000000000000000000000000000000000000000000000000000000000000000000000900900900190090090000000000000000000000000000000000900900900190090090000000000000000000000000000000
190090090000000000000000000000000000000000000000000000000000000000000000000000000900900900190090090000000000000000000000000000000000900900900190090090000000000000000000000000000000
190090090000000000000000000000000000000000000000000000000000000000000000000000000900900900190090090000000000000000000000000000000000900900900190090090000000000000000000000000000000
190090090000000000000000000000000000000000000000000000000000000000000000000000000900900900190090090000000000000000000000000000000000900900900190090090000000000000000000000000000000
190090090000000000000000000000000000000000000000000000000000000000000000000000000900900900190090090000000000000000000000000000000000900900900190090090000000000000000000000000000000
190090090000000000000000000000000000000000000000000000000000000000000000000000000900900900190090090000000000000000000000000000000000900900900190090090000000000000000000000000000000
190090090000000000000000000000000000000000000000000000000000000000000000000000000900900900190090090000000000000000000000000000000000900900900190090090000000000000000000000000000000
190090090000000000000000000000000000000000000000000000000000000000000000000000000900900900190090090000000000000000000000000000000000900900900190090090000000000000000000000000000000
190090090000000000000000000000000000000000000000000000000000000000000000000000000900900900190090090000000000000000000000000000000000900900900190090090000000000000000000000000000000
190090090000000000000000000000000000000000000000000000000000000000000000000000000900900900190090090000000000000000000000000000000000900900900190090090000000000000000000000000000000
190090090000000000000000000000000000000000000000000000000000000000000000000000000900900900190090090000000000000000000000000000000000900900900190090090000000000000000000000000000000
190090090000000000000000000000000000000000000000000000000000000000000000000000000900900900190090090000000000000000000000000000000000900900900190090090000000000000000000000000000000
190090090000000000000000000000000000000000000000000000000000000000000000000000000900900900190090090000000000000000000000000000000000900900900190090090000000000000000000000000000000
190090090000000000000000000000000000000000000000000000000000000000000000000000000900900900190090090000000000000000000000000000000090090090011190090090000000000000000000000000000000
190090090000000000000000000000000000000000000000000000000000000000000000000000000900900900190090090000000000000000000000000000000090090090019009009000000000000000000000000000000000
190090090000000000000000000000000000000000000000000000000000000000000000000000000900900900190090090000000000000000000000000000000090090090019009009000000000000000000000000000000000
1900900900900900900900900900900900900900900900900900900900900900900900900900900900900900900900900900900900900900900900900900900900900900900900900900900900900900900900900900900900900900900900900900900900900900900900900900900900900900190090090090090090090090090090090090090090090090090090090090090090090090090090090090090090090090090090090090019009009000000000000000000000000000000000
1900900900900900900900900900900900900900900900900900900900900900900900900900900900900900900900900900900900900900900900900900900900900900900900900900900900900900900900900900900900900900900900900900900900900900900900900900900900900900190090090090090090090090090090090090090090090090090090090090090090090090090090090090090090090090090090090090019009009000000000000000000000000000000000
1900900900900900900900900900900900900900900900900900900900900900900900900900900900900900900900900900900900900900900900900900900900900900900900900900900900900900900900900900900900900900900900900900900900900900900900900900900900900900190090090090090090090090090090090090090090090090090090090090090090090090090090090090090090090090090090090090019009009000000000000000000000000000000000
111111111111111111111111111111111111111111111111111111111111111111111111111111111111111111111111111111111111111111119009009000000000000000000000000000000000
9009009009009009009009009009009009009009009009009009009009009009009009009009009009009009009009009009009009009009009009009009009009009009009009009009009009009009009009009009009009009009009009009009009009009009009009009009009009009009009009009009009009009009009009009009009009009009009009009009009009009009009009009009009009009009009009009009009009000000000000000000000000000000000000
9009009009009009009009009009009009009009009009009009009009009009009009009009009009009009009009009009009009009009009009009009009009009009009009009009009009009009009009009009009009009009009009009009009009009009009009009009009009009009009009009009009009009009009009009009009009009009009009009009009009009009009009009009009009009009009009009009009009000000000000000000000000000000000000
9009009009009009009009009009009009009009009009009009009009009009009009009009009009009009009009009009009009009009009009009009009009009009009009009009009009009009009009009009009009009009009009009009009009009009009009009009009009009009009009009009009009009009009009009009009009009009009009009009009009009009009009009009009009009009009009009009009009000000000000000000000000000000000000
000000000000000000000000000000000000000000000000000000000000000000000000000000000000000000000000000000000000000000000000000000000000000000000000000000
000000000000000000000000000000000000000000000000000000000000000000000000000000000000000000000000000000000000000000000000000000000000000000000000000000
000000000000000000000000000000000000000000000000000000000000000000000000000000000000000000000000000000000000000000000000000000000000000000000000000000
