111111111111111111111111111111111111111111111111111111111111111111111111111111111111111111111111111111111111190090090000000000000000000000000000000000000000
19009009009009009009009009009009009009009009009009009009009009009009009009009009009009009009009009009009009009009009009009009009009009009009009009009009009009009009009009009009009009009009009009009009009009009009009009009009009009009009009009009009009009009009009009009009009009009009009009009009009009009009009009009001900900900000000000000000000000000000000000000000
19009009009009009009009009009009009009009009009009009009009009009009009009009009009009009009009009009009009009009009009009009009009009009009009009009009009009009009009009009009009009009009009009009009009009009009009009009009009009009009009009009009009009009009009009009009009009009009009009009009009009009009009009009001900900900000000000000000000000000000000000000000
19009009009009009009009009009009009009009009009009009009009009009009009009009009009009009009009009009009009009009009009009009009009009009009009009009009009009009009009009009009009009009009009009009009009009009009009009009009009009009009009009009009009009009009009009009009009009009009009009009009009009009009009009009001900900900000000000000000000000000000000000000000
190090090000000000000000000000000000000006564636261605958575655545352515049484746454443424140393837363534333231302928272625242322212019181716151413121110989101112131415161718199009009001900900900000000000000000000000000000000000000000
1900900900000000000000000000000000000000064636261605958575655545352515049484746454443424140393837363534333231302928272625242322212019181716151413121110987891011121314151617189009009001900900900000000000000000000000000000000000000000
19009009000000000000000000000000000000000636261605958575655545352515049484746454443424140393837363534333231302928272625242322212019181716151413121110987678910111213141516179009009001900900900000000000000000000000000000000000000000
190090090000000000000000000000000000000006261605958575655545352515049484746454443424140393837363534333231302928272625242322212019181716151413121110987656789101112131415169009009001900900900000000000000000000000000000000000000000
1900900900000000000000000000000000000000061605958575655545352515049484746454443424140393837363534333231302928272625242322212019181716151413121110987654567891011121314159009009001900900900000000000000000000000000000000000000000
19009009000000000000000000000000000000000605958575655545352515049484746454443424140393837363534333231302928272625242322212019181716151413121110987654345678910111213149009009001900900900000000000000000000000000000000000000000
19009009000000000000000000000000000000000595857565554535251504948474645444342414039383736353433323130292827262524232221201918171615141312111098765432345678910111213900900900190090090090090090090090090090000000000000000000000000000000000
1900900900000000000000000000000000000000060595857565554535251504948474645444342414039383736353433323130292827262524232221201918171615141312111098765434567891011121314900900900190090090090090090090090090090000000000000000000000000000000000
190090090000000000000000000000000000000006160595857565554535251504948474645444342414039383736353433323130292827262524232221201918171615141312111098765456789101112131415900900900190090090090090090090090090090000000000000000000000000000000000
190090090000000000000000000000000000000006261605958575655545352515049484746454443424140393837363534333231302928272625242322212019181716151413121110987656789101112131415169009009001111111111190090090000000000000000000000000000000
1900900900000000000000000000000000000000063626160595857565554535251504948474645444342414039383736353433323130292827262524232221201918171615141312111098767891011121314151617181920900900900900900900900900900900190090090000000000000000000000000000000
190090090000000000000000000000000000000006463626160595857565554535251504948474645444342414039383736353433323130292827262524232221201918171615141312111098789101112131415161718192021900900900900900900900900900900190090090000000000000000000000000000000
11119009009000000000000000000000000000000656463626160595857565554535251504948474645444342414039383736353433323130292827262524232221201918171615141312111098910111213141516171819202122900900900900900900900900900900190090090000000000000000000000000000000
190090090000000000000000000000000000000006665646362616059585756555453525150494847464544434241403938373635343332313029282726252423222120191817161514131211109101112131415161718192021222324252627282930900900900190090090000000000000000000000000000000
1900900900000000000000000000000000000000067666564636261605958575655545352515049484746454443424140393837363534333231302928272625242322212019181716151413121110111213141516171819202122232425262728293031900900900190090090000000000000000000000000000000
1900900900000000000000000000000000000000068676665646362616059585756555453525150494847464544434241403938373635343332313029282726252423222120191817161514131211121314151617181920212223242526272829303132900900900190090090000000000000000000000000000000
1900900900000000000000000000000000000000069686766656463626160595857565554535251504948474645444342414039383736353433323130292827262524232221201918171615141312131415161718192021222324252627282930313233900900900190090090000000000000000000000000000000
1900900900000000000000000000000000000000070696867666564636261605958575655545352515049484746454443424140393837363534333231302928272625242322212019181716151413141516171819202122232425262728293031323334900900900190090090000000000000000000000000000000
1900900900000000000000000000000000000000071706968676665646362616059585756555453525150494847464544434241403938373635343332313029282726252423222120191817161514151617181920212223242526272829303132333435900900900190090090000000000000000000000000000000
1900900900000000000000000000000000000000072717069686766656463626160595857565554535251504948474645444342414039383736353433323130292827262524232221201918171615161718192021222324252627282930313233343536900900900190090090000000000000000000000000000000
190090090000000000000000000000000000000007372900900900900900900900900900900900900900900900900900900900900900900900900900900900900900900900900900900900900900900900900900302928272625242322212019181716171819202122232425262728293031323334353637900900900190090090000000000000000000000000000000
190090090000000000000000000000000000000007473900900900900900900900900900900900900900900900900900900900900900900900900900900900900900900900900900900900900900900900900900313029282726252423222120191817181920212223242526272829303132333435363738900900900190090090000000000000000000000000000000
190090090000000000000000000000000000000007574900900900900900900900900900900900900900900900900900900900900900900900900900900900900900900900900900900900900900900900900900323130292827262524232221201918192021222324252627282930313233343536373839900900900190090090000000000000000000000000000000
190090090000000000000000000000000000000090090090011111111111111111111111111111111111111111900900900302928272625242322212019202122232425262728293031323334353637383940900900900190090090000000000000000000000000000000
190090090000000000000000000000000000000009009009001111111111111111111111111111111111111111900900900313029282726252423222120212223242526272829303132333435363738394041900900900190090090000000000000000000000000000000
190090090000000000000000000000000000000009009009001900900900900900900900900900900900900900900900900900900900900900900900900900900900900900900900900900900900900900900900353433323130292827262524232221222324252627282930313233343536373839404142900900900190090090000000000000000000000000000000
190090090000000000000000000000000000000009009009001900900900900900900900900900900900900900900900900900900900900900900900900900900900900900900900900900900900900900900900363534333231302928272625242322232425262728293031323334353637383940414243900900900190090090000000000000000000000000000000
190090090000000000000000000000000000000009009009001900900900900900900900900900900900900900900900900900900900900900900900900900900900900900900900900900900900900900900900373635343332313029282726252423242526272829303132333435363738394041424344900900900190090090000000000000000000000000000000
190090090000000000000000000000000000000009009009001900900900747372717069686766656463626160595857565554535251504948474645444342414039383736353433323130292827262524252627282930313233343536373839404142434445900900900190090090000000000000000000000000000000
190090090000000000000000000000000000000009009009001900900900757473727170696867666564636261605958575655545352515049484746454443424140393837363534333231302928272625262728293031323334353637383940414243444546900900900190090090000000000000000000000000000000
190090090000000000000000000000000000000009009009001900900900767574737271706968676665646362616059585756555453525150494847464544434241403938373635343332313029282726272829303132333435363738394041424344454647900900900190090090000000000000000000000000000000
19009009001151141131121111101091081071061051041031021011009998979695949392919089888786879009009001900900900777675747372717069686766656463626160595857565554535251504948474645444342414039383736353433323130292827282930313233343536373839404142434445464748900900900190090090000000000000000000000000000000
190090090011611511411311211111010910810710610510410310210110099989796959493929190898887889009009001900900900787776757473727170696867666564636261605958575655545352515049484746454443424140393837363534333231302928293031323334353637383940414243444546474849900900900190090090000000000000000000000000000000
1900900900117116115114113112111110109108107106105104103102101100999897969594939291908988899009009001900900900797877767574737271706968676665646362616059585756555453525150494847464544434241403938373635343332313029303132333435363738394041424344454647484950900900900190090090000000000000000000000000000000
19009009001181171161151141131121111101091081071061051041031021011009998979695949392919089909009009001900900900807978777675747372717069686766656463626160595857565554535251504948474645444342414039383736353433323130313233343536373839404142434445464748495051900900900190090090000000000000000000000000000000
190090090011911811711611511411311211111010910810710610510410310210110099989796959493929190919009009001900900900818079787776757473727170696867666564636261605958575655545352515049484746454443424140393837363534333231323334353637383940414243444546474849505152900900900190090090000000000000000000000000000000
1900900900120119118117116115114113112111110109108107106105104103102101100999897969594939291929009009001900900900828180797877767574737271706968676665646362616059585756555453525150494847464544434241403938373635343332333435363738394041424344454647484950515253900900900190090090000000000000000000000000000000
19009009001211201191181171161151141131121111101091081071061051041031021011009998979695949392939009009001900900900838281807978777675747372717069686766656463626160595857565554535251504948474645444342414039383736353433343536373839404142434445464748495051525354900900900190090090000000000000000000000000000000
190090090012212112011911811711611511411311211111010910810710610510410310210110099989796959493949009009001900900900848382818079787776757473727170696867666564636261605958575655545352515049484746454443424140393837363534353637383940414243444546474849505152535455900900900190090090000000000000000000000000000000
1900900900123122121120119118117116115114113112111110109108107106105104103102101100999897969594959009009001900900900858483828180797877767574737271706968676665646362616059585756555453525150494847464544434241403938373635363738394041424344454647484950515253545556900900900190090090000000000000000000000000000000
19009009001241231221211201191181171161151141131121111101091081071061051041031021011009998979695969009009001900900900868584838281807978777675747372717069686766656463626160595857565554535251504948474645444342414039383736373839404142434445464748495051525354555657900900900190090090000000000000000000000000000000
190090090012512412312212112011911811711611511411311211111010910810710610510410310210110099989796979009009001900900900878685848382818079787776757473727170696867666564636261605958575655545352515049484746454443424140393837383940414243444546474849505152535455565758900900900190090090000000000000000000000000000000
1900900900126125124123122121120119118117116115114113112111110109108107106105104103102101100999897989009009001900900900888786858483828180797877767574737271706968676665646362616059585756555453525150494847464544434241403938394041424344454647484950515253545556575859900900900190090090000000000000000000000000000000
19009009001271261251241231221211201191181171161151141131121111101091081071061051041031021011009998999009009001900900900898887868584838281807978777675747372717069686766656463626160595857565554535251504948474645444342414039404142434445464748495051525354555657585960900900900190090090000000000000000000000000000000
1900900900128127126125124123122121120119118117116115114113112111110109108107106105104103102101100991009009009001900900900908988878685848382818079787776757473727170696867666564636261605958575655545352515049484746454443424140414243444546474849505152535455565758596061900900900190090090000000000000000000000000000000
19009009001291281271261251241231221211201191181171161151141131121111101091081071061051041031021011001019009009001900900900919089888786858483828180797877767574737271706968676665646362616059585756555453525150494847464544434241424344454647484950515253545556575859606162900900900190090090000000000000000000000000000000
190090090013012912812712612512412312212112011911811711611511411311211111010910810710610510410310210110290090090019009009009291908988878685848382818079787776757473729009009009009009009009009009009009009009009009005554535251504948474645444342434445464748495051525354555657585960616263900900900190090090000000000000000000000000000000
190090090013113012912812712612512412312212112011911811711611511411311211111010910810710610510410310210390090090019009009009392919089888786858483828180797877767574739009009009009009009009009009009009009009009009005655545352515049484746454443444546474849505152535455565758596061626364900900900190090090000000000000000000000000000000
190090090013213113012912812712612512412312212112011911811711611511411311211111010910810710610510410310490090090019009009009493929190898887868584838281807978777675749009009009009009009009009009009009009009009009005756555453525150494847464544454647484950515253545556575859606162636465900900900190090090000000000000000000000000000000
1900900900133132131130129128127126125124123122121120119118117116115114113112111110109108107106105104105900900900190090090095949392919089888786858483828180797890090090011111111111111119009009005554535251504948474645464748495051525354555657585960616263646566900900900190090090000000000000000000000000000000
1900900900134133132131130129128127126125124123122121120119118117116115114113112111110109108107106105106900900900190090090096959493929190898887868584838281807990090090011111111111111119009009005655545352515049484746474849505152535455565758596061626364656667900900900190090090000000000000000000000000000000
1900900900135134133132131130129128127126125124123122121120119118117116115114113112111110109108107106107900900900190090090097969594939291908988878685848382818081828390090090090090090090090090090090090090090090019009009005756555453525150494847484950515253545556575859606162636465666768900900900190090090000000000000000000000000000000
1900900900136135134133132131130129128127126125124123122121120119118117116115114113112111110109108107108900900900190090090098979695949392919089888786858483828182838490090090090090090090090090090090090090090090019009009005857565554535251504948495051525354555657585960616263646566676869900900900190090090000000000000000000000000000000
1900900900137136135134133132131130129128127126125124123122121120119118117116115114113112111110109108109900900900190090090099989796959493929190898887868584838283848590090090090090090090090090090090090090090090019009009005958575655545352515049505152535455565758596061626364656667686970900900900190090090000000000000000000000000000000
19009009001381371361351341331321311301291281271261251241231221211201191181171161151141131121111101091109009009001900900900100999897969594939291908988878685848384858687888990919293949596979890090090019009009006059585756555453525150515253545556575859606162636465666768697071900900900190090090000000000000000000000000000000
190090090013913813713613513413313213113012912812712612512412312212112011911811711611511411311211111011190090090019009009001011009998979695949392919089888786858485868788899091929394959697989990090090019009009006160595857565554535251525354555657585960616263646566676869707172900900900190090090000000000000000000000000000000
19009009001401391381371361351341331321311301291281271261251241231221211201191181171161151141131121111129009009001900900900102101100999897969594939291908988878685868788899091929394959697989910090090090019009009006261605958575655545352535455565758596061626364656667686970717273900900900190090090000000000000000000000000000000
1900900900141140139138137136135134133132131130129128127126125124123122121120119118117116115114113112113900900900190090090010310210110099989796959493929190898887868788899091929394959697989910010190090090019009009006362616059585756555453545556575859606162636465666768697071727374900900900190090090000000000000000000000000000000
190090090014214114013913813713613513413313213113012912812712612512412312212112011911811711611511411311490090090019009009001041031021011009998979695949392919089888788899091929394959697989910010110290090090019009009006463626160595857565554555657585960616263646566676869707172737475900900900190090090000000000000000000000000000000
1900900900900900900900900900900900900900900900900900900900900900900900900900900900900900900900900900900900900900190090090010510410310210110099989796959493929190898889909190090090090090090090090090090090090090090090019009009006564636261605958575655565758596061626364656667686970717273747576900900900190090090000000000000000000000000000000
19009009009009009009009009009009009009009009009009009009009009009009009009009009009009009009009009009009009009001900900900106105104103102101100999897969594939291908990919290090090090090090090090090090090090090090090019009009006665646362616059585756575859606162636465666768697071727374757677900900900190090090000000000000000000000000000000
190090090090090090090090090090090090090090090090090090090090090090090090090090090090090090090090090090090090090019009009001071061051041031021011009998979695949392919091929390090090090090090090090090090090090090090090019009009006766656463626160595857585960616263646566676869707172737475767778900900900190090090000000000000000000000000000000
11111111111111111111111111111111111111190090090010810710610510410310210110099989796959493929190090090011111111111111119009009006867666564636261605958596061626364656667686970717273747576777879900900900190090090000000000000000000000000000000
190090090090090090090090090090090090090090090090090090090090090090090090090090090090090090090090090090090090090090011211111010910810710610510410310210110099989796959493929394959009009009009009009009009009009009009009009009007271706968676665646362616059606162636465666768697071727374757677787980900900900190090090000000000000000000000000000000
1900900900900900900900900900900900900900900900900900900900900900900900900900900900900900900900900900900900900900900113112111110109108107106105104103102101100999897969594939495949009009009009009009009009009009009009009009009007372717069686766656463626160616263646566676869707172737475767778798081900900900190090090000000000000000000000000000000
19009009009009009009009009009009009009009009009009009009009009009009009009009009009009009009009009009009009009009001141131121111101091081071061051041031021011009998979695949594939009009009009009009009009009009009009009009009007473727170696867666564636261626364656667686970717273747576777879808182900900900190090090000000000000000000000000000000
19009009001501491481471461451441431421411401391381371361351341331321311301291281271261251241231221211201191181171161151141131121111101091081071061051041031021011009998979695949392919089888786858483828180797877767574737271706968676665646362636465666768697071727374757677787980818283900900900190090090000000000000000000000000000000
190090090015115014914814714614514414314214114013913813713613513413313213113012912812712612512412312212112011911811711611511411311211111010910810710610510410310210110099989796959493929190898887868584838281807978777675747372717069686766656463646566676869707172737475767778798081828384900900900190090090000000000000000000000000000000
1900900900152151150149148147146145144143142141140139138137136135134133132131130129128127126125124123122121120119118117116115114113112111110109108107106105104103102101100999897969594939291908988878685848382818079787776757473727170696867666564656667686970717273747576777879808182838485900900900190090090000000000000000000000000000000
19009009001531521511501491481471461451441431421411401391381371361351341331321311301291281271261251241231221211201191181171161151141131121111101091081071061051041031021011009998979695949392919089888786858483828180797877767574737271706968676665666768697071727374757677787980818283848586900900900190090090000000000000000000000000000000
190090090015415315215115014914814714614514414314214114013913813713613513413313213113012912812712612512412312212112011911811711611511411311211111010910810710610510410310210110099989796959493929190898887868584838281807978777675747372717069686766676869707172737475767778798081828384858687900900900190090090000000000000000000000000000000
1900900900155154153152151150149148147146145144143142141140139138137136135134133132131130129128127126125124123122121120119118117116115114113112111110109108107106105104103102101100999897969594939291908988878685848382818079787776757473727170696867686970717273747576777879808182838485868788900900900190090090000000000000000000000000000000
19009009001561551541531521511501491481471461451441431421411401391381371361351341331321311301291281271261251241231221211201191181171161151141131121111101091081071061051041031021011009998979695949392919089888786858483828180797877767574737271706968697071727374757677787980818283848586878889900900900190090090000000000000000000000000000000
190090090015715615515415315215115014914814714614514414314214114013913813713613513413313213113012912812712612512412312212112011911811711611511411311211111010910810710610510410310210110099989796959493929190898887868584838281807978777675747372717069707172737475767778798081828384858687888990900900900190090090000000000000000000000000000000
1900900900158157156155154153152151150149148147146145144143142141140139138137136135134133132131130129128127126125124123122121120119118117116115114113112111110109108107106105104103102101100999897969594939291908988878685848382818079787776757473727170717273747576777879808182838485868788899091900900900190090090000000000000000000000000000000
19009009001591581571561551541531521511501491481471461451441431421411401391381371361351341331321311301291281271261251241231221211201191181171161151141131121111101091081071061051041031021011009998979695949392919089888786858483828180797877767574737271727374757677787980818283848586878889909192900900900190090090000000000000000000000000000000
190090090016015915815715615515415315215115014914814714614514414314214114013913813713613513413313213113012912812712612512412312212112011911811711611511411311211111010910810710610510410310210110099989796959493929190898887868584838281807978777675747372737475767778798081828384858687888990919293900900900190090090000000000000000000000000000000
1900900900161160159158157156155154153152151150149148147146145144143142141140139138137136135134133132131130129128127126125124123122121120119118117116115114113112111110109108107106105104103102101100999897969594939291908988878685848382818079787776757473747576777879808182838485868788899091929394900900900190090090000000000000000000000000000000
19009009001621611601591581571561551541531521511501491481471461451441431421411401391381371361351341331321311301291281271261251241231221211201191181171161151141131121111101091081071061051041031021011009998979695949392919089888786858483828180797877767574757677787980818283848586878889909192939495900900900190090090000000000000000000000000000000
190090090016316216116015915815715615515415315215115014914814714614514414314214114013913813713613513413313213113012912812712612512412312212112011911811711611511411311211111010910810710610510410310210110099989796959493929190898887868584838281807978777675767778798081828384858687888990919293949596900900900190090090000000000000000000000000000000
1900900900164163162161160159158157156155154153152151150149148147146145144143142141140139138137136135134133132131130129128127126125124123122121120119118117116115114113112111110109108107106105104103102101100999897969594939291908988878685848382818079787776777879808182838485868788899091929394959697900900900190090090000000000000000000000000000000
19009009001651641631621611601591581571561551541531521511501491481471461451441431421411401391381371361351341331321311301291281271261251241231221211201191181171161151141131121111101091081071061051041031021011009998979695949392919089888786858483828180797877787980818283848586878889909192939495969798900900900190090090000000000000000000000000000000
190090090016616516416316216116015915815715615515415315215115014914814714614514414314214114013913813713613513413313213113012912812712612512412312212112011911811711611511411311211111010910810710610510410310210110099989796959493929190898887868584838281807978798081828384858687888990919293949596979899900900900190090090000000000000000000000000000000
19009009001671661651641631621611601591581571561551541531521511501491481471461451441431421411401391381371361351341331321311301291281271261251241231221211201191181171161151141131121111101091081071061051041031021011009998979695949392919089888786858483828180798081828384858687888990919293949596979899100900900900190090090000000000000000000000000000000
1900900900168167166165164163162161160159158157156155154153152151150149148147146145144143142141140139138137136135134133132131130129128127126125124123122121120119118117116115114113112111110109108107106105104103102101100999897969009009009009009009009009009009009009009009008081828384858687888990919293949596979899100101900900900190090090000000000000000000000000000000
190090090016916816716616516416316216116015915815715615515415315215115014914814714614514414314214114013913813713613513413313213113012912812712612512412312212112011911811711611511411311211111010910810710610510410310210110099989790090090090090090090090090090090090090090090081828384858687888990919293949596979899100101102900900900190090090000000000000000000000000000000
19009009001701691681671661651641631621611601591581571561551541531521511501491481471461451441431421411401391381371361351341331321311301291281271261251241231221211201191181171161151141131121111101091081071061051041031021011009998900900900900900900900900900900900900900900900828384858687888990919293949596979899100101102103900900900190090090000000000000000000000000000000
19009009001711701691681671661651641631621611601591581571561551541531521511501491481471461451441431421411401391381371361351341331321311301291281271261251241231221211201191181171161151141131121111101091081071061051041031029009009001111111111111119009009008687888990919293949596979899100101102103104900900900190090090000000000000000000000000000000
19009009001721711701691681671661651641631621611601591581571561551541531521511501491481471461451441431421411401391381371361351341331321311301291281271261251241231221211201191181171161151141131121111101091081071061051041031049009009001111111111111190090090087888990919293949596979899100101102103104105900900900190090090000000000000000000000000000000
19009009001731721711701691681671661651641631621611601591581571561551541531521511501491481471461451441431421411401391381371361351341331321311301291281271261251241231221211201191181171161151141131121111101091081071061051041059009009001900900900900900900900900900900900900900919089888990919293949596979899100101102103104105106900900900190090090000000000000000000000000000000
190090090017417317217117016916816716616516416316216116015915815715615515415315215115014914814714614514414314214114013913813713613513413313213113012912812712612512412312212112011911811711611511411311211111010910810710610510690090090019009009009009009009009009009009009009009291908990919293949596979899100101102103104105106107900900900190090090000000000000000000000000000000
1900900900175174173172171170169168167166165164163162161160159158157156155154153152151150149148147146145144143142141140139138137136135134133132131130129128127126125124123122121120119118117116115114113112111110109108107106107900900900190090090090090090090090090090090090090093929190919293949596979899100101102103104105106107108900900900190090090000000000000000000000000000000
190090090017617517417317217117016916816716616516416316216116015915815715615515415315215115014914814714614514414314214114013913813713613513413313213113012912812712612512412312212112011911811711611511411311211111010910810710890090090019009009001041031021011009998979695949392919293949596979899100101102103104105106107108109900900900190090090000000000000000000000000000000
19009009001771761751741731721711701691681671661651641631621611601591581571561551541531521511501491481471461451441431421411401391381371361351341331321311301291281271261251241231221211201191181171161151141131121111101091081099009009001900900900105104103102101100999897969594939293949596979899100101102103104105106107108109110900900900190090090000000000000000000000000000000
1900900900178177176175174173172171170169168167166165164163162161160159158157156155154153152151150149148147146145144143142141140139138137136135134133132131130129128127126125124123122121120119118117116115114113112111110109110900900900190090090010610510410310210110099989796959493949596979899100101102103104105106107108109110111900900900190090090000000000000000000000000000000
190090090017917817717617517417317217117016916816716616516416316216116015915815715615515415315215115014914814714614514414314214114013913813713613513413313213113012912812712612512412312212112011911811711611511411311211111011190090090019009009001071061051041031021011009998979695949596979899100101102103104105106107108109110111112900900900190090090000000000000000000000000000000
19009009001801791781771761751741731721711701691681671661651641631621611601591581571561551541531521511501491481471461451441431421411401391381371361351341331321311301291281271261251241231221211201191181171161151141131121111129009009001900900900108107106105104103102101100999897969596979899100101102103104105106107108109110111112113900900900190090090000000000000000000000000000000
1900900900181180179178177176175174173172171170169168167166165164163162161160159158157156155154153152151150149148147146145144143142141140139138137136135134133132131130129128127126125124123122121120119118117116115114113112113900900900190090090010910810710610510410310210110099989796979899100101102103104105106107108109110111112113114900900900190090090000000000000000000000000000000
190090090018218118017917817717617517417317217117016916816716616516416316216116015915815715615515415315215115014990090090090090090090090090090090090090090090090090090090090090090090090090090090090090090090090090090090090090090090090019009009001101091081071061051041031021011009998979899100101102103104105106107108109110111112113114115900900900190090090000000000000000000000000000000
19009009001831821811801791781771761751741731721711701691681671661651641631621611601591581571561551541531521511509009009009009009009009009009009009009009009009009009009009009009009009009009009009009009009009009009009009009009009009001900900900111110109108107106105104103102101100999899100101102103104105106107108109110111112113114115116900900900190090090000000000000000000000000000000
1900900900184183182181180179178177176175174173172171170169168167166165164163162161160159158157156155154153152151900900900900900900900900900900900900900900900900900900900900900900900900900900900900900900900900900900900900900900900900190090090011211111010910810710610510410310210110099100101102103104105106107108109110111112113114115116117900900900190090090000000000000000000000000000000
190090090018518418318218118017917817717617517417317217117016916816716616516416316216116015915815715615590090090011111111111111111111111111111111111111111900900900113112111110109108107106105104103102101100101102103104105106107108109110111112113114115116117118900900900190090090000000000000000000000000000000
1900900900186185184183182181180179178177176175174173172171170169168167166165164163162161160159158157156900900900119009009009009009009009009009009009009009009009009009009009009009009009009009009009009009009009009009009009009009001900900900114113112111110109108107106105104103102101102103104105106107108109110111112113114115116117118119900900900190090090000000000000000000000000000000
1900900900187186185184183182181180179178177176175174173172171170169168167166165164163162161160159158157900900900119009009009009009009009009009009009009009009009009009009009009009009009009009009009009009009009009009009009009009001900900900115114113112111110109108107106105104103102103104105106107108109110111112113114115116117118119120900900900190090090000000000000000000000000000000
1900900900188187186185184183182181180179178177176175174173172171170169168167166165164163162161160159158900900900119009009009009009009009009009009009009009009009009009009009009009009009009009009009009009009009009009009009009009001900900900116115114113112111110109108107106105104103104105106107108109110111112113114115116117118119120121900900900190090090000000000000000000000000000000
1900900900189188187186185184183182181180179178177176175174173172171170169168167166165164163162161160159900900900119009009001961971981992002012022032042052062072082092102112122132142152162172182192202212222232242252262279009009001900900900117116115114113112111110109108107106105104105106107108109110111112113114115116117118119120121122900900900190090090000000000000000000000000000000
1900900900190189188187186185184183182181180179178177176175174173172171170169168167166165164163162161160900900900119009009001951961971981992002012022032042052062072082092102112122132142152162172182192202212222232242252269009009001900900900118117116115114113112111110109108107106105106107108109110111112113114115116117118119120121122123900900900190090090000000000000000000000000000000
1900900900191190189188187186185184183182181180179178177176175174173172171170169168167166165164163162161900900900119009009001941951961971981992002012022032042052062072082092102112122132142152162172182192202212222232242259009009001900900900119118117116115114113112111110109108107106107108109110111112113114115116117118119120121122123124900900900190090090000000000000000000000000000000
1900900900192191190189188187186185184183182181180179178177176175174173172171170169168167166165164163162900900900119009009001931941951961971981992002012022032042052062072082092102112122132142152162172182192202212222232249009009001900900900120119118117116115114113112111110109108107108109110111112113114115116117118119120121122123124125900900900190090090000000000000000000000000000000
1900900900193192191190189188187186185184183182181180179178177176175174173172171170169168167166165164163900900900119009009001921931941951961971981992002012022032042052062072082092102112122132142152162172182192202212222239009009001900900900121120119118117116115114113112111110109108109110111112113114115116117118119120121122123124125126900900900190090090000000000000000000000000000000
1900900900194193192191190189188187186185184183182181180179178177176175174173172171170169168167166165164900900900119009009001911921931941951961971981992002012022032042052062072082092102112122132142152162172182192202212229009009001900900900122121120119118117116115114113112111110109110111112113114115116117118119120121122123124125126127900900900190090090000000000000000000000000000000
1900900900195194193192191190189188187186185184183182181180179178177176175174173172171170169168167166165900900900119009009001901911921931941951961971981992002012022032042052062072082092102112122132142152162172182192202219009009001900900900123122121120119118117116115114113112111110111112113114115116117118119120121122123124125126127128900900900190090090000000000000000000000000000000
1900900900196195194193192191190189188187186185184183182181180179178177176175174173172171170169168167166900900900119009009001891901911921931941951961971981992002012022032042052062072082092102112122132142152162172182192209009009001900900900124123122121120119118117116115114113112111112113114115116117118119120121122123124125126127128129900900900190090090000000000000000000000000000000
1900900900197196195194193192191190189188187186185184183182181180179178177176175174173172171170169168167900900900119009009001881891901911921931941951961971981992002012022032042052062072082092102112122132142152162172182199009009001900900900125124123122121120119118117116115114113112113114115116117118119120121122123124125126127128129130900900900190090090000000000000000000000000000000
1900900900198197196195194193192191190189188187186185184183182181180179178177176175174173172171170169168900900900119009009001871881891901911921931941951961971981992002012022032042052062072082092102112122132142152162172189009009001900900900126125124123122121120119118117116115114113114115116117118119120121122123124125126127128129130131900900900190090090000000000000000000000000000000
1900900900199198197196195194193192191190189188187186185184183182181180179178177176175174173172171170169900900900119009009001861871881891901911921931941951961971981992002012022032042052062072082092102112122132142152162179009009001900900900127126125124123122121120119118117116115114115116117118119120121122123124125126127128129130131132900900900190090090000000000000000000000000000000
19009009002001991981971961951941931921911901891881871861851841831821811801791781771761751741731721711701711721739009001821831841851861871881891901911921931941951961971981992002012022032042052062072082092102112122132142152169009009001900900900128127126125124123122121120119118117116115116117118119120121122123124125126127128129130131132133900900900190090090000000000000000000000000000000
19009009002012001991981971961951941931921911901891881871861851841831821811801791781771761751741731721711721731749009001811821831841851861871881891901911921931941951961971981992002012022032042052062072082092102112122132142159009009001900900900129128127126125124123122121120119118117116117118119120121122123124125126127128129130131132133134900900900190090090000000000000000000000000000000
19009009002022012001991981971961951941931921911901891881871861851841831821811801791781771761751741731721731741759009001801811821831841851861871881891901911921931941951961971981992002012022032042052062072082092102112122132149009009001900900900130129128127126125124123122121120119118117118119120121122123124125126127128129130131132133134135900900900190090090000000000000000000000000000000
19009009002032022012001991981971961951941931921911901891881871861851841831821811801791781771761751741731741751761771781791801811821831841851861871881891901911921931941951961971981992002012022032042052062072082092102112122139009009001900900900131130129128127126125124123122121120119118119120121122123124125126127128129130131132133134135136900900900190090090000000000000000000000000000000
19009009002042032022012001991981971961951941931921911901891881871861851841831821811801791781771761751741751761771781791801811821831841851861871881891901911921931941951961971981992002012022032042052062072082092102112122132149009009001900900900132131130129128127126125124123122121120119120121122123124125126127128129130131132133134135136137900900900190090090000000000000000000000000000000
19009009002052042032022012001991981971961951941931921911901891881871861851841831821811801791781771761751761771781791801811821831841851861871881891901911921931941951961971981992002012022032042052062072082092102112122132142159009009001900900900133132131130129128127126125124123122121120121122123124125126127128129130131132133134135136137138900900900190090090000000000000000000000000000000
19009009002062052042032022012001991981971961951941931921911901891881871861851841831821811801791781771761771781791801811821831841851861871881891901911921931941951961971981992002012022032042052062072082092102112122132142152169009009001900900900134133132131130129128127126125124123122121122123124125126127128129130131132133134135136137138139900900900190090090000000000000000000000000000000
19009009002072062052042032022012001991981971961951941931921911901891881871861851841831821811801791781771781791801811821831841851861871881891901911921931941951961971981992002012022032042052062072082092102112122132142152162179009009001900900900135134133132131130129128127126125124123122123124125126127128129130131132133134135136137138139140900900900190090090000000000000000000000000000000
19009009002082072062052042032022012001991981971961951941931921911901891881871861851841831821811801791781791801811821831841851861871881891901911921931941951961971981992002012022032042052062072082092102112122132142152162172189009009001900900900136135134133132131130129128127126125124123124125126127128129130131132133134135136137138139140141900900900190090090000000000000000000000000000000
19009009002092082072062052042032022012001991981971961951941931921911901891881871861851841831821811801791801811821831841851861871881891901911921931941951961971981992002012022032042052062072082092102112122132142152162172182199009009001900900900137136135134133132131130129128127126125124125126127128129130131132133134135136137138139140141142900900900190090090000000000000000000000000000000
19009009002102092082072062052042032022012001991981971961951941931921911901891881871861851841831821811801811821831841851861871881891901911921931941951961971981992002012022032042052062072082092102112122132142152162172182192209009009001900900900138137136135134133132131130129128127126125126127128129130131132133134135136137138139140141142143900900900190090090000000000000000000000000000000
19009009002112102092082072062052042032022012001991981971961951941931921911901891881871861851841831821811821831841851861871881891901911921931941951961971981992002012022032042052062072082092102112122132142152162172182192202219009009001900900900139138137136135134133132131130129128127126127128129130131132133134135136137138139140141142143144900900900190090090000000000000000000000000000000
19009009002122112102092082072062052042032022012001991981971961951941931921911901891881871861851841831821831841851861871881891901911921931941951961971981992002012022032042052062072082092102112122132142152162172182192202212229009009001900900900140139138137136135134133132131130129128127128129130131132133134135136137138139140141142143144145900900900190090090000000000000000000000000000000
19009009002132122112102092082072062052042032022012001991981971961951941931921911901891881871861851841831841851861871881891901911921931941951961971981992002012022032042052062072082092102112122132142152162172182192202212222239009009001900900900141140139138137136135134133132131130129128129130131132133134135136137138139140141142143144145146900900900190090090000000000000000000000000000000
19009009002142132122112102092082072062052042032022012001991981971961951941931921911901891881871861851841851861871881891901911921931941951961971981992002012022032042052062072082092102112122132142152162172182192202212222232249009009001900900900142141140139138137136135134133132131130129130131132133134135136137138139140141142143144145146147900900900190090090000000000000000000000000000000
19009009002152142132122112102092082072062052042032022012001991981971961951941931921911901891881871861851861871881891901911921931941951961971981992002012022032042052062072082092102112122132142152162172182192202212222232242259009009001900900900143142141140139138137136135134133132131130131132133134135136137138139140141142143144145146147148900900900190090090000000000000000000000000000000
19009009002162152142132122112102092082072062052042032022012001991981971961951941931921911901891881871861871881891901911921931941951961971981992002012022032042052062072082092102112122132142152162172182192202212222232242252269009009001900900900144143142141140139138137136135134133132131132133134135136137138139140141142143144145146147148149900900900190090090000000000000000000000000000000
1900900900217216215214213212211210209208207206205204203202201200199198197196195194193192191190189188187188189190191192193194195196197198199200201202203204205206207208209210211212213214215216217218219220221222223224225226227900900900190090090014514414314214114013913813713613513413313213313413513613713813914014114214314414514614714890090090011190090090000000000000000000000000000000
1900900900218217216215214213212211210209208207206205204203202201200199198197196195194193192191190189188189190191192193194195196197198199200201202203204205206207208209210211212213214215216217218219220221222223224225226227228900900900190090090014614514414314214114013913813713613513413313413513613713813914014114214314414514614714814990090090019009009000000000000000000000000000000000
1900900900219218217216215214213212211210209208207206205204203202201200199198197196195194193192191190189190191192193194195196197198199200201202203204205206207208209210211212213214215216217218219220221222223224225226227228229900900900190090090014714614514414314214114013913813713613513413513613713813914014114214314414514614714814915090090090019009009000000000000000000000000000000000
1900900900900900900900900900900900900900900900900900900900900900900900900900900900900900900900900900900900900900900900900900900900900900900900900900900900900900900900900900900900900900900900900900900900900900900900900900900900900900190090090090090090090090090090090090090090090090090090090090090090090090090090090090090090090090090090090090019009009000000000000000000000000000000000
1900900900900900900900900900900900900900900900900900900900900900900900900900900900900900900900900900900900900900900900900900900900900900900900900900900900900900900900900900900900900900900900900900900900900900900900900900900900900900190090090090090090090090090090090090090090090090090090090090090090090090090090090090090090090090090090090090019009009000000000000000000000000000000000
1900900900900900900900900900900900900900900900900900900900900900900900900900900900900900900900900900900900900900900900900900900900900900900900900900900900900900900900900900900900900900900900900900900900900900900900900900900900900900190090090090090090090090090090090090090090090090090090090090090090090090090090090090090090090090090090090090019009009000000000000000000000000000000000
111111111111111111111111111111111111111111111111111111111111111111111111111111111111111111111111111111111111111111119009009000000000000000000000000000000000
9009009009009009009009009009009009009009009009009009009009009009009009009009009009009009009009009009009009009009009009009009009009009009009009009009009009009009009009009009009009009009009009009009009009009009009009009009009009009009009009009009009009009009009009009009009009009009009009009009009009009009009009009009009009009009009009009009009009000000000000000000000000000000000000
9009009009009009009009009009009009009009009009009009009009009009009009009009009009009009009009009009009009009009009009009009009009009009009009009009009009009009009009009009009009009009009009009009009009009009009009009009009009009009009009009009009009009009009009009009009009009009009009009009009009009009009009009009009009009009009009009009009009000000000000000000000000000000000000
9009009009009009009009009009009009009009009009009009009009009009009009009009009009009009009009009009009009009009009009009009009009009009009009009009009009009009009009009009009009009009009009009009009009009009009009009009009009009009009009009009009009009009009009009009009009009009009009009009009009009009009009009009009009009009009009009009009009000000000000000000000000000000000000
000000000000000000000000000000000000000000000000000000000000000000000000000000000000000000000000000000000000000000000000000000000000000000000000000000
000000000000000000000000000000000000000000000000000000000000000000000000000000000000000000000000000000000000000000000000000000000000000000000000000000
000000000000000000000000000000000000000000000000000000000000000000000000000000000000000000000000000000000000000000000000000000000000000000000000000000
