0.4 0.44
0.44 0.44
0.48 0.48
0.48 0.52
0.52 0.52
0.56 0.56
0.56 0.6
0.6 0.6
0.64 0.64
0.64 0.68
0.68 0.68
0.72 0.72
0.72 0.76
0.76 0.76
0.8 0.8
0.8 0.84
0.84 0.84
0.88 0.88
0.88 0.92
0.92 0.92
0.92 0.96
0.92 1
0.92 1.04
0.92 1.08
0.92 1.12
0.92 1.16
0.92 1.2
0.92 1.24
0.92 1.28
0.92 1.32
0.92 1.36
0.92 1.4
0.92 1.44
0.92 1.48
0.92 1.52
0.92 1.56
0.92 1.6
0.92 1.64
0.92 1.68
0.92 1.72
0.92 1.76
0.92 1.8
0.92 1.84
0.92 1.88
0.92 1.92
0.92 1.96
0.92 2
0.92 2.04
0.92 2.08
0.92 2.12
0.92 2.16
0.92 2.2
0.92 2.24
0.92 2.28
0.92 2.32
0.92 2.36
0.92 2.4
0.92 2.44
0.92 2.48
0.92 2.52
0.92 2.56
0.92 2.6
0.92 2.64
0.92 2.68
0.92 2.72
0.92 2.76
0.92 2.8
0.92 2.84
0.92 2.88
0.92 2.92
0.92 2.96
0.92 3
0.92 3.04
0.92 3.08
0.96 3.12
0.96 3.16
1 3.16
1.04 3.2
1.04 3.24
1.08 3.24
1.12 3.28
1.12 3.32
1.16 3.32
1.2 3.36
1.2 3.4
1.24 3.4
1.28 3.44
1.28 3.48
1.32 3.48
1.36 3.52
1.36 3.56
1.4 3.56
1.44 3.6
1.44 3.64
1.48 3.64
1.52 3.68
1.52 3.72
1.56 3.72
1.6 3.76
1.6 3.8
1.64 3.8
1.68 3.8
1.72 3.8
1.76 3.8
1.8 3.8
1.84 3.8
1.88 3.8
1.92 3.8
1.96 3.8
2 3.8
2.04 3.8
2.08 3.8
2.12 3.8
2.16 3.8
2.2 3.8
2.24 3.8
2.28 3.8
2.32 3.8
2.36 3.8
2.4 3.8
2.44 3.8
2.48 3.8
2.52 3.8
2.56 3.8
2.6 3.8
2.64 3.8
2.68 3.8
2.72 3.8
2.76 3.8
2.8 3.8
2.84 3.8
2.88 3.8
2.92 3.8
2.96 3.8
3 3.8
3.04 3.8
3.08 3.8
3.12 3.8
3.16 3.8
3.2 3.8
3.24 3.8
3.28 3.8
3.32 3.8
3.36 3.8
3.4 3.8
3.44 3.8
3.48 3.8
3.52 3.8
3.56 3.8
3.6 3.8
3.64 3.8
3.68 3.8
3.72 3.76
3.76 3.76
3.76 3.72
3.8 3.68
3.84 3.68
3.88 3.68
3.92 3.68
3.96 3.68
4 3.68
4.04 3.68
4.08 3.68
4.12 3.68
