0.2 0.3
0.5 0.6
-5.7 6
-1.9 -0.3229
-1.89 -0.3229
-1.88 -0.3229
-1.87 -0.3229
-1.86 -0.3229
-1.85 -0.3229
-1.84 -0.3229
-1.83 -0.3229
-1.82 -0.3229
-1.81 -0.3229
-1.80 -0.3229
-1.79 -0.3229
-1.78 -0.3229
-1.77 -0.3229
-1.76 -0.3229
-1.75 -0.3229
-1.74 -0.3229
-1.73 -0.3229
-1.72 -0.3229
-1.71 -0.3229
-1.70 -0.3229
-1.91 -0.3229
-1.92 -0.3229
-1.93 -0.3229
-1.94 -0.3229
-1.95 -0.3229
-1.96 -0.3229
-1.97 -0.3229
-1.98 -0.3229
-1.99 -0.3229
-2 -0.3229
-2.01 -0.3229
-2.02 -0.3229
-2.6 -1.4
-2.61 -1.4
-2.62 -1.4
-2.63 -1.4
-2.64 -1.4
-2.65 -1.4
-2.66 -1.4
-2.59 -1.4
-2.58 -1.4
-2.57 -1.4
-2.56 -1.4
-2.55 -1.4
-2.54 -1.4
-2.68 -1.4
-2.69 -1.4
-2.70 -1.4
-2.71 -1.4
-2.71 -1.4
-2.72 -1.4
-2.73 -1.4
-2.74 -1.4
-2.75 -1.4
-2.76 -1.4
-2.77 -1.4
-2.78 -1.4
-2.79 -1.4
-2.80 -1.4
-2.81 -1.4
-2.82 -1.4

