0.1
0
0.009
0.199996
0.000899988
0.027
0.289963
0.00332969
0.054
0.369847
0.0076476
0.09
0.439563
0.0139391
0.135
0.499017
0.0220145
0.189
0.548127
0.0314084
0.252
0.586864
0.041382
0.324
0.615303
0.0509328
0.405
0.633685
0.0588132
0.495
0.642484
0.0635635
0.594
0.642484
0.0635635
0.694
0.634797
0.0571673
0.794
0.620777
0.0429041
0.894
0.601989
0.0195166
0.994
0.580175
-0.014012
1.094
0.557228
-0.0584355
1.194
0.535152
-0.114226
1.294
0.516022
-0.181562
1.394
0.501952
-0.260315
1.494
0.496505
-0.331106
1.594
0.497944
-0.393089
1.694
0.504457
-0.445687
1.794
0.514197
-0.488596
1.894
0.525313
-0.521784
1.994
0.53599
-0.54549
2.094
0.544485
-0.560216
2.184
0.549089
-0.566758
2.264
0.54845
-0.565989
2.334
0.541537
-0.558762
2.394
0.527604
-0.545845
2.444
0.506145
-0.527858
2.484
0.476861
-0.505243
2.514
0.439626
-0.478232
2.534
0.39447
-0.446833
2.544
0.341562
-0.410823
2.544
0.281213
-0.36975
2.534
0.213889
-0.322936
2.514
0.14023
-0.269501
2.484
0.061083
-0.20838
2.444
-0.0155561
-0.144143
2.394
-0.0888889
-0.076155
2.334
-0.158013
-0.00389252
2.264
-0.221913
0.0730278
2.184
-0.279462
0.154809
2.1
-0.329947
0.24113
2.025
-0.373822
0.330991
1.959
-0.411674
0.42355
1.902
-0.444193
0.518115
1.854
-0.472136
0.614131
1.815
-0.496314
0.711164
1.785
-0.517571
0.808879
1.764
-0.536772
0.907018
1.752
-0.554793
1.00538
1.749
-0.572519
1.1038
1.755
-0.590836
1.20211
1.77
-0.610624
1.30013
1.794
-0.63276
1.39765
1.827
-0.658101
1.49438
1.869
-0.687481
1.58997
1.92
-0.721696
1.68393
1.98
-0.761484
1.77568
2.049
-0.807503
1.86446
2.109
-0.858762
1.95032
2.159
-0.914249
2.03352
2.199
-0.973018
2.11443
2.229
-1.03419
2.19354
2.249
-1.09693
2.27141
2.259
-1.16044
2.34864
2.259
-1.22396
2.42588
2.249
-1.2867
2.50375
2.229
-1.34787
2.58286
2.199
-1.40664
2.66377
2.159
-1.46212
2.74696
2.109
-1.51338
2.83283
2.068
-1.56108
2.92072
2.036
-1.60594
3.01009
2.013
-1.64873
3.10047
1.999
-1.69026
3.19145
1.994
-1.73133
3.28262
1.998
-1.77276
3.37364
2.011
-1.81537
3.4641
2.033
-1.85996
3.55361
2.064
-1.90731
3.64169
2.104
-1.95814
3.72781
2.134
-2.01153
3.81236
2.154
-2.0666
3.89583
2.164
-2.1225
3.97875
2.164
-2.1784
4.06167
2.154
-2.23347
4.14514
2.134
-2.28686
4.22969
2.108
-2.33803
4.3156
2.091
-2.38774
4.40238
2.083
-2.43675
4.48954
2.084
-2.48585
4.57666
2.094
-2.53581
4.66328
2.108
-2.58699
4.7492
2.112
-2.6385
4.83491
2.108
-2.68968
4.92082
2.108
-2.74085
5.00673
2.108
-2.79202
5.09265
2.108
-2.8432
5.17856
2.108
-2.89437
5.26448
2.108
-2.94555
5.35039
2.108
-2.99672
5.43631
2.108
-3.04789
5.52222
2.108
-3.09907
5.60813
2.108
-3.15024
5.69405
2.108
-3.20141
5.77996
2.108
-3.25259
5.86588
2.108
-3.30376
5.95179
2.108
-3.35494
6.0377
2.108
-3.40611
6.12362
2.108
-3.45728
6.20953
2.108
-3.50846
6.29545
2.108
-3.55963
6.38136
2.108
-3.6108
6.46728
2.108
-3.66198
6.55319
2.108
-3.71315
6.6391
2.108
-3.76432
6.72502
2.108
-3.8155
6.81093
2.108
-3.86667
6.89685
2.108
-3.91785
6.98276
2.108
-3.96902
7.06867
2.108
-4.02019
7.15459
2.108
-4.07137
7.2405
2.108
-4.12254
7.32642
2.108
-4.17371
7.41233
2.108
-4.22489
7.49824
2.108
-4.27606
7.58416
2.108
-4.32724
7.67007
2.108
-4.37841
7.75599
2.108
-4.42958
7.8419
2.108
-4.48076
7.92782
2.108
-4.53193
8.01373
2.108
-4.5831
8.09964
2.108
-4.63428
8.18556
2.108
-4.68545
8.27147
2.108
-4.73662
8.35739
2.108
-4.7878
8.4433
2.108
-4.83897
8.52922
2.108
-4.89015
8.61513
2.108
-4.94132
8.70105
2.108
-4.99249
8.78696
2.108
-5.04367
8.87288
2.108
-5.09484
8.95879
2.108
-5.14601
9.04471
2.108
-5.19719
9.13062
2.108
-5.24836
9.21653
2.108
-5.29954
9.30245
2.108
-5.35071
9.38836
2.108
-5.40188
9.47428
2.108
-5.45306
9.56019
2.108
-5.50423
9.64611
2.108
-5.5554
9.73202
2.108
-5.60658
9.81794
2.108
-5.65775
9.90385
2.108
-5.70892
9.98977
2.108
-5.7601
10.0757
2.108
-5.81127
10.1616
2.108
-5.86245
10.2475
2.108
-5.91362
10.3334
2.108
-5.96479
10.4193
2.108
-6.01597
10.5053
2.108
-6.06714
10.5912
2.108
-6.11831
10.6771
2.108
-6.16949
10.763
2.108
-6.22066
10.8489
2.108
-6.27184
10.9348
2.108
-6.32301
11.0207
2.108
-6.37418
11.1067
2.108
-6.42536
11.1926
2.108
-6.47653
11.2785
2.108
-6.5277
11.3644
2.108
-6.57888
11.4503
2.108
-6.63005
11.5362
2.108
-6.68122
11.6221
2.108
-6.7324
11.7081
2.108
-6.78357
11.794
2.108
-6.83475
11.8799
2.108
-6.88592
11.9658
2.108
-6.93709
12.0517
2.108
-6.98827
12.1376
2.108
-7.03944
12.2235
2.108
-7.09061
12.3095
2.108
-7.14179
12.3954
2.108
-7.19296
12.4813
2.108
-7.24414
12.5672
2.108
-7.29531
12.6531
2.108
-7.34648
12.739
2.108
-7.39766
12.8249
2.108
-7.44883
12.9109
2.108
-7.5
12.9968
2.108
-7.55118
13.0827
2.10801
-7.60235
13.1686
2.10801
-7.65353
13.2545
2.10801
-7.7047
13.3404
2.10801
-7.75588
13.4263
2.10801
-7.80705
13.5123
2.10801
-7.85822
13.5982
2.10801
-7.9094
13.6841
2.10801
-7.96057
13.77
2.10801
-8.01175
13.8559
2.10801
-8.06292
13.9418
2.10801
-8.11409
14.0277
2.10801
-8.16527
14.1136
2.10801
-8.21644
14.1996
2.10801
-8.26762
14.2855
2.10801
-8.31879
14.3714
2.10801
-8.36997
14.4573
2.10801
-8.42114
14.5432
2.10801
-8.47231
14.6291
2.10801
-8.52349
14.715
2.10801
-8.57466
14.801
2.10801
-8.62584
14.8869
2.10801
-8.67701
14.9728
2.10801
-8.72818
15.0587
2.10801
-8.77936
15.1446
2.10801
-8.83053
15.2305
2.10801
-8.88171
15.3164
2.10801
-8.93288
15.4024
2.10801
-8.98406
15.4883
2.10801
-9.03523
15.5742
2.10801
-9.0864
15.6601
2.10801
-9.13758
15.746
2.10801
-9.18875
15.8319
2.10801
-9.23993
15.9178
2.10801
-9.2911
16.0037
2.10801
-9.34228
16.0897
2.10801
-9.39345
16.1756
2.10801
-9.44463
16.2615
2.10801
-9.4958
16.3474
2.10801
-9.54698
16.4333
2.10801
-9.59815
16.5192
2.10801
-9.64933
16.6051
2.10801
-9.7005
16.6911
2.10802
-9.75168
16.777
2.10802
-9.80285
16.8629
2.10802
-9.85403
16.9488
2.10802
-9.9052
17.0347
2.10802
-9.95638
17.1206
2.10802
-10.0076
17.2065
2.10802
-10.0587
17.2924
2.10802
-10.1099
17.3784
2.10802
-10.1611
17.4643
2.10802
-10.2123
17.5502
2.10802
-10.2634
17.6361
2.10802
-10.3146
17.722
2.10802
-10.3658
17.8079
2.10802
-10.417
17.8938
2.10802
-10.4681
17.9797
2.10802
-10.5193
18.0657
2.10802
-10.5705
18.1516
2.10802
-10.6217
18.2375
2.10802
-10.6728
18.3234
2.10802
-10.724
18.4093
2.10802
-10.7752
18.4952
2.10802
-10.8264
18.5811
2.10802
-10.8775
18.667
2.10802
-10.9287
18.753
2.10802
-10.9799
18.8389
2.10802
-11.0311
18.9248
2.10802
-11.0822
19.0107
2.10802
-11.1334
19.0966
2.10802
-11.1846
19.1825
2.10802
-11.2358
19.2684
2.10802
-11.2869
19.3543
2.10802
-11.3381
19.4403
2.10802
-11.3893
19.5262
2.10802
-11.4405
19.6121
2.10802
-11.4916
19.698
2.10802
-11.5428
19.7839
2.10802
-11.594
19.8698
2.10802
-11.6452
19.9557
2.10802
-11.6963
20.0416
2.10802
-11.7475
20.1276
2.10802
-11.7987
20.2135
2.10802
-11.8499
20.2994
2.10803
-11.901
20.3853
2.10803
-11.9522
20.4712
2.10803
-12.0034
20.5571
2.10803
-12.0546
20.643
2.10803
-12.1057
20.7289
2.10803
-12.1569
20.8149
2.10803
-12.2081
20.9008
2.10803
-12.2593
20.9867
2.10803
-12.3104
21.0726
2.10803
-12.3616
21.1585
2.10803
-12.4128
21.2444
2.10803
-12.464
21.3303
2.10803
-12.5152
21.4163
2.10803
-12.5663
21.5022
2.10803
-12.6175
21.5881
2.10803
-12.6687
21.674
2.10803
-12.7199
21.7599
2.10803
-12.771
21.8458
2.10803
-12.8222
21.9317
2.10803
-12.8734
22.0176
2.10803
-12.9246
22.1036
2.10803
-12.9757
22.1895
2.10803
-13.0269
22.2754
2.10803
-13.0781
22.3613
2.10803
-13.1293
22.4472
2.10803
-13.1804
22.5331
2.10803
-13.2316
22.619
2.10803
-13.2828
22.7049
2.10803
-13.334
22.7909
2.10803
-13.3851
22.8768
2.10803
-13.4363
22.9627
2.10803
-13.4875
23.0486
2.10803
-13.5387
23.1345
2.10803
-13.5898
23.2204
2.10803
-13.641
23.3063
2.10803
-13.6922
23.3922
2.10803
-13.7434
23.4782
2.10903
-13.7946
23.564
2.10803
-13.8458
23.6499
2.10903
-13.8971
23.7358
2.10803
-13.9483
23.8217
2.10903
-13.9995
23.9076
2.10804
-14.0507
23.9935
2.10904
-14.102
24.0793
2.10804
-14.1531
24.1653
2.10804
-14.2043
24.2512
2.10904
-14.2556
24.337
2.10804
-14.3068
24.4229
2.10904
-14.358
24.5088
2.10804
-14.4092
24.5947
2.10904
-14.4605
24.6806
2.10804
-14.5116
24.7665
2.10904
-14.5629
24.8523
2.10804
-14.6141
24.9383
2.10904
-14.6653
25.0241
2.10804
-14.7165
25.11
2.10904
-14.7678
25.1959
2.10804
-14.819
25.2818
2.10804
-14.8701
25.3677
2.10904
-14.9214
25.4536
2.10804
-14.9726
25.5395
2.10904
-15.0238
25.6254
2.10804
-15.075
25.7113
2.10904
-15.1263
25.7971
2.10804
-15.1774
25.883
2.10904
-15.2287
25.9689
2.10804
-15.2799
26.0548
2.10904
-15.3312
26.1407
2.10804
-15.3823
26.2266
2.10904
-15.4336
26.3125
2.10804
-15.4848
26.3984
2.10804
-15.5359
26.4843
2.10904
-15.5872
26.5701
2.10804
-15.6384
26.656
2.10904
-15.6896
26.7419
2.10804
-15.7408
26.8278
2.10904
-15.7921
26.9137
2.10804
-15.8433
26.9996
2.10904
-15.8945
27.0855
2.10804
-15.9457
27.1714
2.10904
-15.997
27.2572
2.10804
-16.0481
27.3431
2.10904
-16.0994
27.429
2.10804
-16.1506
27.5149
2.10905
-16.2018
27.6008
2.10805
-16.253
27.6867
2.10905
-16.3043
27.7726
2.10805
-16.3555
27.8585
2.10805
-16.4066
27.9444
2.10905
-16.4579
28.0302
2.10805
-16.5091
28.1162
2.10905
-16.5604
28.202
2.10805
-16.6115
28.2879
2.10905
-16.6628
28.3738
2.10805
-16.714
28.4597
2.10905
-16.7652
28.5456
2.10805
-16.8164
28.6315
2.10905
-16.8677
28.7173
2.10805
-16.9189
28.8032
2.10905
-16.9701
28.8891
2.10805
-17.0213
28.975
2.10905
-17.0726
29.0609
2.10805
-17.1237
29.1468
2.10905
-17.175
29.2327
2.10805
-17.2262
29.3186
2.10905
-17.2774
29.4044
2.10805
-17.3286
29.4903
2.10805
-17.3798
29.5763
2.10905
-17.4311
29.6621
2.10805
-17.4822
29.748
2.10905
-17.5335
29.8339
2.10805
-17.5847
29.9198
2.10905
-17.6359
30.0057
2.10805
-17.6871
30.0916
2.10905
-17.7384
30.1774
2.10805
-17.7896
30.2633
2.10905
-17.8408
30.3492
2.10805
-17.892
30.4351
2.10905
-17.9433
30.521
2.10805
-17.9945
30.6069
2.10905
-18.0457
30.6927
2.10805
-18.0969
30.7787
2.10905
-18.1482
30.8645
2.10805
-18.1993
30.9504
2.10905
-18.2506
31.0363
2.10806
-18.3018
31.1222
2.10806
-18.353
31.2081
2.10906
-18.4042
31.294
2.10806
-18.4554
31.3799
2.10906
-18.5067
31.4657
2.10806
-18.5578
31.5517
2.10906
-18.6091
31.6375
2.10806
-18.6603
31.7234
2.10906
-18.7115
31.8093
2.10806
-18.7627
31.8952
2.10906
-18.814
31.9811
2.10806
-18.8652
32.067
2.10906
-18.9164
32.1528
2.10806
-18.9676
32.2387
2.10906
-19.0189
32.3246
2.10806
-19.07
32.4105
2.10906
-19.1213
32.4964
2.10806
-19.1725
32.5823
2.10906
-19.2238
32.6681
2.10806
-19.2749
32.7541
2.10906
-19.3262
32.8399
2.10806
-19.3774
32.9258
2.10906
-19.4286
33.0117
2.10806
-19.4798
33.0976
2.10806
-19.531
33.1835
2.10906
-19.5823
33.2694
2.10806
-19.6334
33.3553
2.10906
-19.6847
33.4411
2.10806
-19.7359
33.5271
2.10907
-19.7872
33.6129
2.10807
-19.8383
33.6988
2.10907
-19.8896
33.7847
2.10807
-19.9408
33.8706
2.10907
-19.992
33.9565
2.10807
-20.0432
34.0424
2.10907
-20.0945
34.1282
2.10807
-20.1457
34.2141
2.10907
-20.1969
34.3
2.10807
-20.2481
34.3859
2.10907
-20.2994
34.4718
2.10807
-20.3506
34.5577
2.10907
-20.4018
34.6435
2.10807
-20.453
34.7295
2.10907
-20.5043
34.8153
2.10807
-20.5555
34.9012
2.10807
-20.6066
34.9871
2.10907
-20.6579
35.073
2.10807
-20.7091
35.1589
2.10907
-20.7603
35.2448
2.10807
-20.8115
35.3307
2.10907
-20.8628
35.4165
2.10807
-20.914
35.5025
2.10907
-20.9652
35.5883
2.10807
-21.0164
35.6742
2.10907
-21.0677
35.7601
2.10807
-21.1189
35.846
2.10907
-21.1701
35.9319
2.10808
-21.2213
36.0178
2.10908
-21.2726
36.1036
2.10808
-21.3238
36.1895
2.10908
-21.375
36.2754
2.10808
-21.4262
36.3613
2.10908
-21.4775
36.4472
2.10808
-21.5286
36.5331
2.10908
-21.5799
36.6189
2.10808
-21.6311
36.7048
2.10908
-21.6824
36.7907
2.10808
-21.7335
36.8766
2.10908
-21.7848
36.9625
2.10808
-21.836
37.0484
2.10908
-21.8872
37.1342
2.10808
-21.9384
37.2201
2.10908
-21.9897
37.306
2.10808
-22.0409
37.3919
2.10908
-22.0921
37.4778
2.10808
-22.1433
37.5637
2.10908
-22.1946
37.6495
2.10808
-22.2458
37.7354
2.10908
-22.297
37.8213
2.10808
-22.3482
37.9072
2.10908
-22.3995
37.9931
2.10808
-22.4507
38.079
2.10908
-22.5019
38.1648
2.10808
-22.5531
38.2507
2.10908
-22.6044
38.3366
2.10809
-22.6556
38.4225
2.10909
-22.7068
38.5084
2.10809
-22.758
38.5943
2.10909
-22.8093
38.6801
2.10809
-22.8605
38.7661
2.10909
-22.9117
38.8519
2.10809
-22.9629
38.9378
2.10909
